0 0	0
1 0	0
2 0	0
3 0	0
4 0	0
5 0	0
6 0	0
7 0	0
8 0	0
9 0	0
10 0	0
11 0	0
12 0	0
13 0	0
14 0	0
15 0	0
16 0	0
17 0	0
18 0	0
19 0	1
20 0	1
21 0	1
22 0	1
23 0	1
24 0	1
25 0	1
26 0	1
27 0	1
28 0	1
29 0	1
30 0	2
31 0	2
32 0	2
33 0	2
34 0	2
35 0	2
36 0	2
37 0	3
38 0	3
39 0	3
40 0	3
41 0	3
42 0	4
43 0	4
44 0	4
45 0	5
46 0	5
47 0	5
48 0	6
49 0	6
50 0	7
51 0	7
52 0	8
53 0	9
54 0	10
55 0	11
56 0	12
57 0	14
58 0	16
59 0	18
60 0	20
61 0	22
62 0	25
63 0	27
64 0	30
65 0	34
66 0	37
67 0	41
68 0	45
69 0	49
70 0	53
71 0	58
72 0	63
73 0	68
74 0	72
75 0	77
76 0	82
77 0	87
78 0	92
79 0	97
80 0	102
81 0	107
82 0	111
83 0	116
84 0	120
85 0	125
86 0	129
87 0	133
88 0	137
89 0	141
90 0	145
91 0	148
92 0	151
93 0	154
94 0	157
95 0	159
96 0	161
97 0	164
98 0	166
99 0	168
100 0	170
101 0	171
102 0	173
103 0	174
104 0	175
105 0	176
106 0	177
107 0	178
108 0	179
109 0	180
110 0	181
111 0	182
112 0	183
113 0	184
114 0	185
115 0	186
116 0	187
117 0	188
118 0	188
119 0	189
120 0	190
121 0	191
122 0	192
123 0	192
124 0	193
125 0	194
126 0	195
127 0	196
128 0	196
129 0	197
130 0	198
131 0	198
132 0	199
133 0	199
134 0	200
135 0	201
136 0	201
137 0	202
138 0	202
139 0	203
140 0	204
141 0	204
142 0	205
143 0	206
144 0	207
145 0	207
146 0	208
147 0	209
148 0	209
149 0	210
150 0	211
151 0	212
152 0	212
153 0	213
154 0	214
155 0	214
156 0	215
157 0	215
158 0	216
159 0	217
160 0	217
161 0	218
162 0	218
163 0	219
164 0	219
165 0	220
166 0	220
167 0	221
168 0	221
169 0	222
170 0	223
171 0	223
172 0	224
173 0	224
174 0	225
175 0	225
176 0	226
177 0	226
178 0	226
179 0	227
180 0	227
181 0	228
182 0	228
183 0	229
184 0	229
185 0	230
186 0	230
187 0	231
188 0	231
189 0	232
190 0	232
191 0	232
192 0	233
193 0	233
194 0	234
195 0	234
196 0	235
197 0	235
198 0	235
199 0	236
200 0	236
201 0	237
202 0	237
203 0	237
204 0	238
205 0	238
206 0	239
207 0	239
208 0	240
209 0	240
210 0	240
211 0	241
212 0	241
213 0	242
214 0	242
215 0	243
216 0	243
217 0	244
218 0	244
219 0	244
220 0	245
221 0	245
222 0	246
223 0	246
224 0	247
225 0	247
226 0	248
227 0	248
228 0	249
229 0	249
230 0	249
231 0	250
232 0	250
233 0	251
234 0	251
235 0	251
236 0	252
237 0	252
238 0	252
239 0	253
240 0	253
241 0	253
242 0	253
243 0	253
244 0	254
245 0	254
246 0	254
247 0	254
248 0	254
249 0	254
250 0	254
251 0	254
252 0	254
253 0	254
254 0	254
255 0	254
0 1	0
1 1	0
2 1	0
3 1	0
4 1	0
5 1	0
6 1	0
7 1	0
8 1	0
9 1	0
10 1	0
11 1	0
12 1	0
13 1	0
14 1	0
15 1	0
16 1	0
17 1	0
18 1	0
19 1	1
20 1	1
21 1	1
22 1	1
23 1	1
24 1	1
25 1	1
26 1	1
27 1	1
28 1	1
29 1	1
30 1	2
31 1	2
32 1	2
33 1	2
34 1	2
35 1	2
36 1	2
37 1	3
38 1	3
39 1	3
40 1	3
41 1	3
42 1	4
43 1	4
44 1	4
45 1	5
46 1	5
47 1	5
48 1	6
49 1	6
50 1	7
51 1	7
52 1	8
53 1	9
54 1	10
55 1	11
56 1	12
57 1	14
58 1	16
59 1	18
60 1	20
61 1	22
62 1	25
63 1	27
64 1	30
65 1	34
66 1	37
67 1	41
68 1	45
69 1	49
70 1	53
71 1	58
72 1	63
73 1	68
74 1	72
75 1	77
76 1	82
77 1	87
78 1	92
79 1	97
80 1	102
81 1	107
82 1	111
83 1	116
84 1	120
85 1	125
86 1	129
87 1	133
88 1	137
89 1	141
90 1	145
91 1	148
92 1	151
93 1	154
94 1	157
95 1	159
96 1	161
97 1	164
98 1	166
99 1	168
100 1	170
101 1	171
102 1	173
103 1	174
104 1	175
105 1	176
106 1	177
107 1	178
108 1	179
109 1	180
110 1	181
111 1	182
112 1	183
113 1	184
114 1	185
115 1	186
116 1	187
117 1	188
118 1	188
119 1	189
120 1	190
121 1	191
122 1	192
123 1	192
124 1	193
125 1	194
126 1	195
127 1	196
128 1	196
129 1	197
130 1	198
131 1	198
132 1	199
133 1	199
134 1	200
135 1	201
136 1	201
137 1	202
138 1	202
139 1	203
140 1	204
141 1	204
142 1	205
143 1	206
144 1	207
145 1	207
146 1	208
147 1	209
148 1	209
149 1	210
150 1	211
151 1	212
152 1	212
153 1	213
154 1	214
155 1	214
156 1	215
157 1	215
158 1	216
159 1	217
160 1	217
161 1	218
162 1	218
163 1	219
164 1	219
165 1	220
166 1	220
167 1	221
168 1	221
169 1	222
170 1	223
171 1	223
172 1	224
173 1	224
174 1	225
175 1	225
176 1	226
177 1	226
178 1	226
179 1	227
180 1	227
181 1	228
182 1	228
183 1	229
184 1	229
185 1	230
186 1	230
187 1	231
188 1	231
189 1	232
190 1	232
191 1	232
192 1	233
193 1	233
194 1	234
195 1	234
196 1	235
197 1	235
198 1	235
199 1	236
200 1	236
201 1	237
202 1	237
203 1	237
204 1	238
205 1	238
206 1	239
207 1	239
208 1	240
209 1	240
210 1	240
211 1	241
212 1	241
213 1	242
214 1	242
215 1	243
216 1	243
217 1	244
218 1	244
219 1	244
220 1	245
221 1	245
222 1	246
223 1	246
224 1	247
225 1	247
226 1	248
227 1	248
228 1	249
229 1	249
230 1	249
231 1	250
232 1	250
233 1	251
234 1	251
235 1	251
236 1	252
237 1	252
238 1	252
239 1	253
240 1	253
241 1	253
242 1	253
243 1	253
244 1	254
245 1	254
246 1	254
247 1	254
248 1	254
249 1	254
250 1	254
251 1	254
252 1	254
253 1	254
254 1	254
255 1	254
0 2	0
1 2	0
2 2	0
3 2	0
4 2	0
5 2	0
6 2	0
7 2	0
8 2	0
9 2	0
10 2	0
11 2	0
12 2	0
13 2	0
14 2	0
15 2	0
16 2	0
17 2	0
18 2	0
19 2	1
20 2	1
21 2	1
22 2	1
23 2	1
24 2	1
25 2	1
26 2	1
27 2	1
28 2	1
29 2	1
30 2	2
31 2	2
32 2	2
33 2	2
34 2	2
35 2	2
36 2	2
37 2	3
38 2	3
39 2	3
40 2	3
41 2	3
42 2	4
43 2	4
44 2	4
45 2	5
46 2	5
47 2	5
48 2	6
49 2	6
50 2	7
51 2	7
52 2	8
53 2	9
54 2	10
55 2	11
56 2	12
57 2	14
58 2	16
59 2	18
60 2	20
61 2	22
62 2	25
63 2	27
64 2	30
65 2	34
66 2	37
67 2	41
68 2	45
69 2	49
70 2	53
71 2	58
72 2	63
73 2	68
74 2	72
75 2	77
76 2	82
77 2	87
78 2	92
79 2	97
80 2	102
81 2	107
82 2	111
83 2	116
84 2	120
85 2	125
86 2	129
87 2	133
88 2	137
89 2	141
90 2	145
91 2	148
92 2	151
93 2	154
94 2	157
95 2	159
96 2	161
97 2	164
98 2	166
99 2	168
100 2	170
101 2	171
102 2	173
103 2	174
104 2	175
105 2	176
106 2	177
107 2	178
108 2	179
109 2	180
110 2	181
111 2	182
112 2	183
113 2	184
114 2	185
115 2	186
116 2	187
117 2	188
118 2	188
119 2	189
120 2	190
121 2	191
122 2	192
123 2	192
124 2	193
125 2	194
126 2	195
127 2	196
128 2	196
129 2	197
130 2	198
131 2	198
132 2	199
133 2	199
134 2	200
135 2	201
136 2	201
137 2	202
138 2	202
139 2	203
140 2	204
141 2	204
142 2	205
143 2	206
144 2	207
145 2	207
146 2	208
147 2	209
148 2	209
149 2	210
150 2	211
151 2	212
152 2	212
153 2	213
154 2	214
155 2	214
156 2	215
157 2	215
158 2	216
159 2	217
160 2	217
161 2	218
162 2	218
163 2	219
164 2	219
165 2	220
166 2	220
167 2	221
168 2	221
169 2	222
170 2	223
171 2	223
172 2	224
173 2	224
174 2	225
175 2	225
176 2	226
177 2	226
178 2	226
179 2	227
180 2	227
181 2	228
182 2	228
183 2	229
184 2	229
185 2	230
186 2	230
187 2	231
188 2	231
189 2	232
190 2	232
191 2	232
192 2	233
193 2	233
194 2	234
195 2	234
196 2	235
197 2	235
198 2	235
199 2	236
200 2	236
201 2	237
202 2	237
203 2	237
204 2	238
205 2	238
206 2	239
207 2	239
208 2	240
209 2	240
210 2	240
211 2	241
212 2	241
213 2	242
214 2	242
215 2	243
216 2	243
217 2	244
218 2	244
219 2	244
220 2	245
221 2	245
222 2	246
223 2	246
224 2	247
225 2	247
226 2	248
227 2	248
228 2	249
229 2	249
230 2	249
231 2	250
232 2	250
233 2	251
234 2	251
235 2	251
236 2	252
237 2	252
238 2	252
239 2	253
240 2	253
241 2	253
242 2	253
243 2	253
244 2	254
245 2	254
246 2	254
247 2	254
248 2	254
249 2	254
250 2	254
251 2	254
252 2	254
253 2	254
254 2	254
255 2	254
