0 0	0
1 0	0
2 0	0
3 0	0
4 0	0
5 0	0
6 0	0
7 0	0
8 0	0
9 0	0
10 0	0
11 0	0
12 0	0
13 0	1
14 0	1
15 0	1
16 0	1
17 0	2
18 0	2
19 0	2
20 0	3
21 0	3
22 0	4
23 0	5
24 0	6
25 0	7
26 0	9
27 0	10
28 0	12
29 0	15
30 0	17
31 0	20
32 0	23
33 0	26
34 0	29
35 0	33
36 0	37
37 0	41
38 0	45
39 0	49
40 0	55
41 0	60
42 0	65
43 0	71
44 0	76
45 0	81
46 0	86
47 0	91
48 0	96
49 0	102
50 0	106
51 0	111
52 0	115
53 0	120
54 0	124
55 0	128
56 0	132
57 0	135
58 0	139
59 0	142
60 0	145
61 0	147
62 0	149
63 0	151
64 0	153
65 0	155
66 0	156
67 0	158
68 0	159
69 0	160
70 0	161
71 0	162
72 0	163
73 0	164
74 0	165
75 0	167
76 0	168
77 0	169
78 0	169
79 0	170
80 0	171
81 0	172
82 0	173
83 0	173
84 0	174
85 0	175
86 0	176
87 0	176
88 0	177
89 0	178
90 0	178
91 0	179
92 0	180
93 0	180
94 0	181
95 0	182
96 0	182
97 0	183
98 0	184
99 0	184
100 0	185
101 0	186
102 0	186
103 0	187
104 0	188
105 0	188
106 0	189
107 0	190
108 0	190
109 0	191
110 0	192
111 0	192
112 0	193
113 0	194
114 0	194
115 0	195
116 0	195
117 0	196
118 0	197
119 0	197
120 0	198
121 0	198
122 0	199
123 0	199
124 0	200
125 0	200
126 0	201
127 0	201
128 0	202
129 0	202
130 0	203
131 0	203
132 0	204
133 0	204
134 0	205
135 0	205
136 0	206
137 0	206
138 0	207
139 0	208
140 0	208
141 0	209
142 0	209
143 0	210
144 0	211
145 0	211
146 0	212
147 0	212
148 0	213
149 0	213
150 0	214
151 0	215
152 0	215
153 0	216
154 0	216
155 0	217
156 0	217
157 0	218
158 0	218
159 0	219
160 0	219
161 0	220
162 0	220
163 0	221
164 0	221
165 0	221
166 0	222
167 0	222
168 0	223
169 0	223
170 0	224
171 0	224
172 0	225
173 0	225
174 0	226
175 0	226
176 0	227
177 0	227
178 0	228
179 0	228
180 0	229
181 0	229
182 0	230
183 0	230
184 0	231
185 0	231
186 0	232
187 0	232
188 0	233
189 0	233
190 0	234
191 0	234
192 0	235
193 0	235
194 0	236
195 0	236
196 0	236
197 0	237
198 0	237
199 0	238
200 0	238
201 0	239
202 0	239
203 0	240
204 0	240
205 0	241
206 0	241
207 0	242
208 0	242
209 0	243
210 0	243
211 0	244
212 0	244
213 0	245
214 0	245
215 0	245
216 0	246
217 0	246
218 0	247
219 0	247
220 0	248
221 0	248
222 0	248
223 0	249
224 0	249
225 0	249
226 0	250
227 0	250
228 0	250
229 0	251
230 0	251
231 0	251
232 0	251
233 0	252
234 0	252
235 0	252
236 0	252
237 0	252
238 0	253
239 0	253
240 0	253
241 0	253
242 0	253
243 0	253
244 0	253
245 0	254
246 0	254
247 0	254
248 0	254
249 0	254
250 0	254
251 0	254
252 0	254
253 0	254
254 0	254
255 0	255
0 1	0
1 1	0
2 1	0
3 1	0
4 1	0
5 1	0
6 1	0
7 1	0
8 1	0
9 1	0
10 1	0
11 1	0
12 1	0
13 1	0
14 1	0
15 1	0
16 1	0
17 1	0
18 1	0
19 1	1
20 1	1
21 1	1
22 1	1
23 1	1
24 1	1
25 1	1
26 1	1
27 1	1
28 1	1
29 1	1
30 1	2
31 1	2
32 1	2
33 1	2
34 1	2
35 1	2
36 1	2
37 1	3
38 1	3
39 1	3
40 1	3
41 1	3
42 1	4
43 1	4
44 1	4
45 1	4
46 1	5
47 1	5
48 1	5
49 1	6
50 1	6
51 1	7
52 1	7
53 1	8
54 1	9
55 1	9
56 1	10
57 1	12
58 1	13
59 1	15
60 1	17
61 1	19
62 1	21
63 1	23
64 1	26
65 1	28
66 1	32
67 1	35
68 1	38
69 1	42
70 1	46
71 1	50
72 1	54
73 1	59
74 1	64
75 1	69
76 1	73
77 1	78
78 1	83
79 1	87
80 1	92
81 1	97
82 1	101
83 1	106
84 1	110
85 1	114
86 1	118
87 1	123
88 1	127
89 1	131
90 1	135
91 1	139
92 1	143
93 1	146
94 1	149
95 1	152
96 1	155
97 1	157
98 1	159
99 1	162
100 1	164
101 1	166
102 1	168
103 1	169
104 1	171
105 1	173
106 1	174
107 1	176
108 1	177
109 1	178
110 1	179
111 1	180
112 1	182
113 1	183
114 1	184
115 1	185
116 1	186
117 1	187
118 1	187
119 1	188
120 1	189
121 1	190
122 1	191
123 1	192
124 1	193
125 1	194
126 1	194
127 1	195
128 1	196
129 1	197
130 1	197
131 1	198
132 1	199
133 1	199
134 1	200
135 1	200
136 1	201
137 1	202
138 1	202
139 1	203
140 1	204
141 1	204
142 1	205
143 1	206
144 1	207
145 1	207
146 1	208
147 1	209
148 1	210
149 1	210
150 1	211
151 1	212
152 1	212
153 1	213
154 1	214
155 1	214
156 1	215
157 1	216
158 1	216
159 1	217
160 1	217
161 1	218
162 1	218
163 1	219
164 1	219
165 1	220
166 1	221
167 1	221
168 1	222
169 1	222
170 1	223
171 1	223
172 1	224
173 1	224
174 1	225
175 1	225
176 1	226
177 1	226
178 1	226
179 1	227
180 1	227
181 1	228
182 1	228
183 1	229
184 1	229
185 1	230
186 1	230
187 1	231
188 1	231
189 1	232
190 1	232
191 1	232
192 1	233
193 1	233
194 1	233
195 1	234
196 1	234
197 1	235
198 1	235
199 1	236
200 1	236
201 1	236
202 1	237
203 1	237
204 1	237
205 1	238
206 1	238
207 1	239
208 1	239
209 1	240
210 1	240
211 1	240
212 1	241
213 1	241
214 1	241
215 1	242
216 1	242
217 1	243
218 1	243
219 1	244
220 1	244
221 1	244
222 1	245
223 1	245
224 1	245
225 1	246
226 1	246
227 1	247
228 1	247
229 1	248
230 1	248
231 1	249
232 1	249
233 1	250
234 1	250
235 1	251
236 1	251
237 1	251
238 1	252
239 1	252
240 1	252
241 1	253
242 1	253
243 1	253
244 1	253
245 1	254
246 1	254
247 1	254
248 1	254
249 1	254
250 1	254
251 1	254
252 1	254
253 1	254
254 1	254
255 1	255
0 2	0
1 2	0
2 2	0
3 2	0
4 2	0
5 2	0
6 2	0
7 2	0
8 2	0
9 2	0
10 2	0
11 2	0
12 2	0
13 2	0
14 2	0
15 2	0
16 2	0
17 2	0
18 2	0
19 2	0
20 2	0
21 2	0
22 2	0
23 2	0
24 2	0
25 2	0
26 2	1
27 2	1
28 2	1
29 2	1
30 2	1
31 2	1
32 2	1
33 2	1
34 2	1
35 2	1
36 2	1
37 2	1
38 2	1
39 2	1
40 2	1
41 2	1
42 2	2
43 2	2
44 2	2
45 2	2
46 2	2
47 2	2
48 2	2
49 2	2
50 2	2
51 2	2
52 2	2
53 2	2
54 2	2
55 2	2
56 2	2
57 2	2
58 2	2
59 2	2
60 2	2
61 2	2
62 2	2
63 2	3
64 2	3
65 2	3
66 2	3
67 2	3
68 2	3
69 2	3
70 2	3
71 2	3
72 2	3
73 2	3
74 2	3
75 2	3
76 2	3
77 2	3
78 2	4
79 2	4
80 2	4
81 2	4
82 2	4
83 2	4
84 2	5
85 2	5
86 2	5
87 2	6
88 2	6
89 2	7
90 2	7
91 2	8
92 2	8
93 2	9
94 2	9
95 2	10
96 2	10
97 2	11
98 2	11
99 2	12
100 2	12
101 2	13
102 2	13
103 2	14
104 2	14
105 2	15
106 2	15
107 2	16
108 2	17
109 2	17
110 2	18
111 2	19
112 2	19
113 2	20
114 2	21
115 2	22
116 2	23
117 2	24
118 2	25
119 2	27
120 2	28
121 2	29
122 2	31
123 2	32
124 2	34
125 2	35
126 2	37
127 2	39
128 2	40
129 2	42
130 2	44
131 2	46
132 2	48
133 2	50
134 2	53
135 2	55
136 2	58
137 2	60
138 2	63
139 2	66
140 2	70
141 2	73
142 2	77
143 2	81
144 2	85
145 2	89
146 2	94
147 2	99
148 2	104
149 2	109
150 2	114
151 2	119
152 2	124
153 2	129
154 2	135
155 2	140
156 2	146
157 2	151
158 2	156
159 2	161
160 2	165
161 2	169
162 2	173
163 2	177
164 2	180
165 2	184
166 2	188
167 2	191
168 2	195
169 2	198
170 2	201
171 2	204
172 2	207
173 2	209
174 2	211
175 2	213
176 2	215
177 2	216
178 2	218
179 2	219
180 2	221
181 2	222
182 2	223
183 2	223
184 2	224
185 2	225
186 2	226
187 2	227
188 2	228
189 2	229
190 2	229
191 2	230
192 2	230
193 2	231
194 2	231
195 2	232
196 2	232
197 2	233
198 2	233
199 2	234
200 2	234
201 2	235
202 2	235
203 2	236
204 2	236
205 2	236
206 2	237
207 2	237
208 2	238
209 2	238
210 2	238
211 2	239
212 2	239
213 2	240
214 2	240
215 2	240
216 2	241
217 2	241
218 2	242
219 2	242
220 2	242
221 2	243
222 2	243
223 2	243
224 2	244
225 2	244
226 2	244
227 2	245
228 2	245
229 2	246
230 2	246
231 2	246
232 2	247
233 2	247
234 2	248
235 2	248
236 2	249
237 2	249
238 2	250
239 2	250
240 2	251
241 2	251
242 2	252
243 2	252
244 2	253
245 2	253
246 2	253
247 2	254
248 2	254
249 2	254
250 2	254
251 2	254
252 2	254
253 2	254
254 2	254
255 2	254
